100
3502730
2617415
2439002
1654139
3059717
4261509
335522
190758
3746681
1563482
2568480
127269
122972
3618940
3651637
4983191
2266840
2990132
3663844
4091507
1367112
159714
4835052
1612031
4887814
4631679
3268279
3077817
2907405
3693457
4977637
3868677
1976218
1709642
1029596
3492077
1259798
565522
1065506
858064
2240264
3052824
4644370
4265412
4086176
1989738
3271500
750283
1760029
1152837
2730382
3621584
468410
3785549
3012639
1208085
2753012
2796202
1017275
1687209
226320
2546804
4821501
2317549
1478366
3570894
2546888
2429309
4062654
2438596
1764775
3436344
99677
1021949
2007912
1019238
1557702
2520579
2486629
3387431
777403
4580598
763477
2714794
4486201
1985310
4633961
3941105
2274330
3563146
2841252
4230883
3285976
4087511
666359
4264200
1982391
4272272
4280588
2731140
