100
1377243
2585933
1229719
4143778
3606588
1746690
1969783
4419726
1621177
1219631
3995441
1123132
1667834
1941130
1666154
889082
2681730
4094017
2557468
1629514
1138120
2818274
1237987
4829365
3069840
263325
1081932
2892955
3596072
4875003
4278277
4784252
4216905
1880396
3306124
4471347
1947709
1277239
755520
2338159
2078495
501057
4082924
4890230
2708993
1807847
1606456
874250
2418815
1265123
3141672
4129438
260931
39525
1130462
1018379
2126621
1604452
1414201
2971138
2446003
89655
660819
49305
4209913
1087253
2386692
4293872
531469
86018
739779
152106
182576
1444374
2222842
3105622
3287092
884506
1738584
17734
221046
4033049
4108041
4416426
1836133
3723455
1108510
1902621
4347779
1442757
4624737
3485012
3328389
3103273
366178
3798707
687688
4729450
3479700
4084126
